list(y=c(1.04361E+00, 7.94432E-01, -1.83389E+00, 2.02796E+00, -1.85139E+00, 8.96738E-02, -1.08744E+00, -9.27141E-01, -2.41171E+00, -3.29255E-01, -1.36244E+00, -1.36864E+00, 1.96370E+00, -1.13434E-01, -2.12102E+00, 4.85792E-01, -2.81712E+00, 2.07644E+00, 5.92583E-01, 1.84106E+00, 8.85965E-02, -1.17974E+00, -2.53587E+00, -1.11712E-01, -1.73575E+00, -1.06561E+00, -1.45907E-02, 1.97710E+00, -3.10083E-01, -2.36188E-01, 3.76812E-01, -3.09504E-01, 1.62122E+00, 1.00847E+00, 2.83394E+00, 5.61345E-01, -1.67116E+00, -9.60157E-02, 1.96761E-01, -3.48984E-01, -5.73184E-01, 2.76714E+00, -1.45304E+00, -1.75488E+00, 1.31379E+00, 1.06784E+00, 4.95884E-01, 8.52715E-01, -1.49144E+00, -1.83196E-01, -1.63058E+00, -6.92920E-01, -6.52104E-01, 6.92114E-01, -1.33644E-01, 5.54560E-01, 2.44068E-01, 5.61187E-01, 2.44395E+00, 6.78619E-02, 7.78175E-01, -5.88321E-01, 5.81510E-01, -1.98036E+00, 1.47420E+00, -3.31927E+00, -1.45320E+00, -1.51554E+00, -1.86746E+00, 2.20311E-01, 7.62565E-01, 1.27233E+00, -1.89728E+00, -9.10181E-01, 2.15083E+00, -1.08985E-01, -2.07522E+00, -7.27502E-01, 2.95450E-01, 1.36510E+00, -1.18852E+00, -4.99899E-01, -5.46117E-02, 3.23533E-01, -2.86018E-01, -2.06183E+00, 2.57848E+00, 2.22714E+00, 1.23664E+00, 3.31102E-01, -2.02379E+00, -1.76954E+00, -1.04079E+00, -2.36414E+00, 2.06827E+00, 1.81773E+00, 1.75625E+00, -9.74969E-01, 4.39661E-01, -1.47541E+00, 2.81531E+00, -6.11331E-01, 1.48553E+00, 1.37518E+00, 5.04046E-01, -5.19556E-01, 1.67203E+00, 5.80341E-01, -2.55996E-01, -1.79792E-01, -1.86703E+00, -4.88997E-01, -1.97721E+00, 1.21975E+00, 3.45038E-01, 2.21002E+00, -1.36724E+00, 1.22104E+00, 2.22524E+00, 2.49692E-01, 1.47458E+00, 6.86811E-01, -9.06679E-01, -1.89780E+00, -1.12213E+00, -7.56211E-01, -4.15095E-01, 8.75201E-01, -2.31360E-01, 8.82281E-01, -5.30992E-01, 3.25726E-01, 1.90158E+00, -1.00110E+00, 5.26695E-01, 4.55906E-01, -1.83755E+00, -1.25054E-01, -8.02819E-01, 8.48781E-01, 2.25755E+00, 8.19247E-01, 1.95114E+00, 1.69268E+00, -7.93394E-01, -2.15186E+00, 8.88467E-01, 5.83876E-01, 3.02734E+00, -2.37730E-01, -4.34711E-01, -2.89168E-01, -7.38860E-02, 1.29841E+00, 4.56868E-01, 3.67410E-01, 5.03085E-03, 4.60468E-01, -1.76748E+00, -1.04202E+00, 1.02025E+00, 1.60528E+00, -2.44227E-01, -2.86978E-01, 9.53991E-01, 1.22590E+00, 4.40762E-01, 1.01196E+00, -1.36942E+00, -9.54996E-01, 5.54014E-02, 6.00841E-01, -1.24479E+00, 8.85686E-02, 1.17050E+00, 5.30199E-02, -9.38847E-01, -7.02917E-01, 2.69543E-01, -6.08876E-01, 3.56493E-02, -1.96235E+00, -2.46878E-01, -2.33632E-01, -1.75506E-01, -7.17870E-01, 5.64572E-01, -7.43695E-01, -7.04265E-01, -1.66079E+00, 9.34314E-01, 1.29668E+00, -6.11154E-01, -1.94746E+00, -2.20175E-01, 1.51845E+00, 6.80515E-01, -2.70064E-01, -2.77161E-01, 2.49926E-01, 2.09922E+00, 1.16183E+00, -1.55984E+00, -8.46642E-01, 7.90685E-01, -1.40795E+00, -2.11181E-01, 7.53864E-01, 3.15552E-01, 3.21611E-01, -3.57946E-01, -3.17841E+00, -2.12131E+00, -2.15005E+00, -1.14089E+00, -4.76568E-01, -1.24288E+00, 1.16847E+00, 3.01963E+00, 2.22638E+00, 1.44784E+00, 6.77322E-01, -5.19204E-01, -1.32492E+00, 2.25105E+00, -4.81266E-01, 2.02589E+00, -9.62695E-01, -4.29457E-01, -8.11566E-01, -3.06386E-01, 8.48160E-01, 1.06868E+00, 7.16605E-01, 9.43794E-01, -1.37168E+00, 7.07889E-01, 6.17486E-01, 1.07761E+00, 2.00955E+00, -6.94734E-02, 5.85458E-01, -1.17571E+00, -6.79930E-01, 2.45419E+00, -1.02672E+00, 1.31431E+00, -2.03975E-01, -1.73714E+00, -1.48000E+00, -9.11400E-01, 9.67175E-01, 4.76443E-01, -7.92135E-01, -9.46938E-01, -8.71161E-01, 7.52779E-01, 2.87373E-01, 2.10847E+00, 3.85325E-01, -4.62674E-01, -9.50260E-01, 8.33606E-01, -2.17313E+00, 5.14091E-01, -1.21007E+00, 2.01465E-01, -8.49973E-01, 1.97546E+00, -1.27976E+00, -6.34585E-01, 2.02058E+00, 1.75760E+00, -3.89068E-01, 1.24903E+00, 5.39591E-01, -1.06783E+00, 8.36191E-02, -2.38698E+00, -6.74672E-02, 1.09401E+00, 1.50156E+00, -5.93542E-01, 1.44902E+00, -1.37401E-01, 6.71263E-01, 3.61317E-01, -1.09457E+00, -1.53896E+00, -3.50248E-01, 2.61680E-01, 8.82580E-01, -1.01882E+00, -6.70083E-01, -1.91414E+00, 1.71206E+00, -2.85844E+00, 1.19036E+00, -5.07868E-01, -3.20744E-01),