list(y=c(-4.34966E-02, -5.96377E-01, -2.87813E-01, -6.66880E-01, -1.07262E+00, -1.78185E-01, -9.25663E-01, 1.88030E-01, -8.65212E-01, -1.65843E+00, -1.15390E+00, 5.53237E-01, -2.36494E-01, 1.73230E-01, -5.34945E-01, 5.15059E-01, -9.79441E-03, 9.29070E-01, 8.01778E-01, -3.79255E-01, 5.32051E-01, -8.36099E-01, -1.20717E+00, -3.51510E-01, -1.34044E+00, -6.20575E-01, -7.41946E-01, 4.70923E-01, 6.08472E-01, -5.13941E-01, -5.73342E-01, -3.98914E-01, 3.22482E-01, -9.35602E-02, 5.09626E-01, 1.19302E+00, 6.38735E-01, 6.13022E-01, -1.79045E-01, 8.05974E-01, -6.07460E-01, 1.64134E-01, -2.55922E+00, -2.28125E-01, 1.25165E+00, 5.61116E-01, 6.49467E-01, -2.51596E-01, -9.62949E-01, -7.85273E-02, 1.59755E-01, 5.88009E-01, -1.63607E+00, -1.10872E+00, 9.50233E-01, -2.45481E-01, 4.51650E-01, -4.44900E-01, 6.56932E-01, -5.01862E-01, -4.59088E-01, -5.59913E-01, 1.64949E-01, 2.32922E-01, 4.27839E-01, 7.78908E-01, 4.62200E-01, 9.95485E-01, 2.60986E-01, 6.87151E-01, 1.57290E+00, 8.42205E-01, -5.53246E-01, 3.35498E-01, -6.09389E-01, -1.12566E+00, 1.62023E+00, -3.43662E-01, 1.13870E+00, 3.48753E-01, -4.72863E-01, 3.80046E-02, -8.88560E-01, -1.56761E-01, -1.68954E+00, -5.18976E-01, 5.45155E-01, 7.00344E-01, 1.41357E+00, 2.61758E-01, 6.48822E-01, 1.04146E-01, -8.00973E-02, -4.83572E-01, -2.06245E-01, 4.78823E-01, 8.73623E-01, -5.31662E-01, 3.58693E-01, 4.15163E-01, 2.52909E-01, -2.67554E-01, -4.69685E-01, 1.18618E+00, 1.69343E-01, -7.46814E-01, 2.81847E-01, -4.04990E-01, -6.85705E-01, -6.58347E-01, -1.72459E+00, 2.21779E+00, -5.03395E-01, 5.02783E-01, -9.20754E-01, -6.87934E-01, -3.19726E-01, 5.73857E-01, -1.46698E-01, 1.24922E+00, -1.08345E+00, -5.65716E-01, -4.95699E-01, -3.27453E-01, -3.64574E-01, -1.16892E+00, 5.15016E-01, 1.09188E+00, 1.02133E+00, -7.48892E-01, -7.93093E-02, 2.52654E-02, -4.40266E-01, 1.05354E+00, 7.78734E-01, 1.52500E-01, 1.28331E+00, -2.30441E-01, 5.43488E-01, 8.98014E-01, -8.55583E-01, 7.47432E-01, 4.99864E-01, 1.86899E-01, -5.39194E-01, 2.02740E-02, -2.34213E-01, 2.19011E-01, 1.56546E+00, -7.11130E-02, 1.18922E-01, 4.99931E-01, -1.21375E+00, 4.14423E-02, -1.31159E+00, -6.26559E-01, -8.50140E-01, 3.43480E-01, 2.64229E-01, 9.35131E-01, 1.14505E+00, 1.04122E+00, 2.87975E-01, -3.61931E-01, 1.20755E+00, 1.73862E-01, 3.83774E-01, 7.63776E-01, 2.00661E-01, -4.50958E-02, -6.44797E-01, 1.07365E+00, 3.57597E-01, -1.03534E-01, 7.08965E-01, 6.24849E-02, 2.91192E-01, -6.09254E-02, -1.49518E-01, -7.10764E-02, 1.98867E-01, -3.07913E-01, -2.84746E-01, -5.04582E-01, -2.09271E-01, -6.38358E-01, -1.35550E+00, 7.53217E-01, -8.18345E-01, -4.72770E-01, 5.46071E-01, 2.90145E-01, -3.34816E-01, 7.50433E-02, -2.16933E-01, 2.15183E-01, -2.33568E-01, -2.16781E-01, -2.43667E-02, -4.27639E-02, 8.04080E-01, -1.58438E+00, 3.94527E-01, -6.96082E-01, 1.01560E-02, -9.11647E-02, -7.22676E-01, -3.50587E-01, 1.05321E+00, -5.84632E-01, 3.08842E-01, -1.02019E+00, 3.03796E-01, 9.15050E-01, 9.37602E-02, -2.27050E-01, -1.09882E+00, 3.38645E-01, -4.48985E-01, 7.76968E-01, 1.13504E+00, 2.15683E-01, -2.62235E-01, -4.20172E-01, -1.16536E-01, -1.72748E-01, 6.02366E-01, 1.68000E+00, -2.36087E-01, -1.09710E-01, -3.03922E-01, 6.17225E-01, 6.78785E-01, 9.13383E-01, 9.48029E-01, 7.77420E-01, 5.78308E-01, -2.01388E-01, 4.42136E-01, -1.66296E-01, 7.35211E-01, -5.11181E-01, -7.59058E-01, -3.67231E-01, -2.96279E-01, 2.77718E-01, 4.63303E-01, 6.29869E-01, -6.22692E-02, -3.02282E-01, -3.76612E-01, -6.76478E-01, 3.35399E-01, 1.41553E-01, 4.75399E-03, 6.00058E-01, -3.34977E-01, -5.12787E-02, -6.43196E-01, -6.02076E-01, 5.68539E-01, 8.68926E-03, 7.14313E-01, -9.48804E-01, 2.98675E-01, -6.05216E-01, -6.80871E-01, 1.20816E-01, -1.79193E-01, 2.12795E-01, -1.36389E+00, -4.65512E-01, -8.79509E-02, 8.99485E-01, 8.64017E-01, -8.05340E-02, -5.49180E-01, -5.77388E-01, -3.31283E-01, -3.52408E-01, 2.86432E-01, 8.08371E-01, 1.40798E+00, 4.01473E-01, -3.91983E-01, -3.23800E-02, 5.66228E-01, -6.67587E-01, -3.65486E-01, -5.14296E-01, -4.44233E-01, 3.08782E-01, -2.17348E-01, -1.17751E+00, 1.60891E-01, -2.90025E-01, -5.53007E-01, -2.06974E-01, 2.93502E-01, -2.16076E-01),