list(y=c(2.69231E+00, 2.21890E+00, 7.66537E-01, 1.91736E+00, -9.56831E-01, 3.15089E+00, -9.74334E-01, 1.21260E+00, -2.10382E-01, -1.20422E+00, -1.53465E+00, 5.47805E-01, -4.85384E-01, 9.08419E-01, 2.84076E+00, 2.40949E+00, -1.24396E+00, 1.85458E+00, 8.59937E-01, 6.45228E-01, 5.61370E-01, 2.71812E+00, -1.88481E-01, 1.09732E+00, -1.65882E+00, -3.88789E-01, -5.86865E-02, 1.81145E+00, 1.56000E-01, 1.25235E+00, 3.36698E+00, 6.40871E-01, 1.74560E+00, 1.96756E+00, 2.99001E+00, 2.13139E+00, 1.40273E+00, 1.68427E+00, 6.05903E-01, 1.02691E+00, -8.03164E-02, 2.17394E+00, 3.03876E-01, 1.33593E+00, 2.22402E+00, 5.22182E-01, 1.28258E+00, 2.19076E+00, 2.18807E-01, 1.97564E+00, -6.14381E-01, -4.60273E-01, -7.53522E-01, 9.84139E-01, 1.62496E+00, 2.26270E+00, 9.89279E-01, 1.07748E+00, 1.36699E+00, 2.13178E+00, 3.56688E+00, 1.19078E+00, 1.90110E+00, 5.34602E-01, 3.10443E+00, -1.65744E+00, 1.44299E+00, -1.48988E+00, -1.73028E+00, -1.79262E+00, 1.80960E+00, 2.49737E+00, -6.68648E-01, 2.39525E+00, 3.79775E-01, -1.18726E+00, 3.27375E+00, 1.56807E+00, -9.52296E-01, -5.56911E-01, 1.83733E-02, 3.64216E+00, 1.08854E+00, -7.76977E-01, -3.31689E-01, 1.20059E+00, 1.99104E+00, -3.84766E-01, 5.10140E+00, 3.79773E+00, -1.94575E-01, 5.40246E-02, 2.53271E-01, -8.92485E-01, 1.48213E+00, -8.70843E-02, 3.43705E+00, 1.54065E+00, 1.72504E+00, -9.79093E-02, 1.56258E+00, 8.01648E-01, 3.93823E+00, 1.91159E+00, 2.60846E+00, -5.60289E-02, 1.62697E+00, 1.75750E+00, 2.79495E+00, 3.03263E-01, -5.33073E-01, 2.09727E+00, 4.10029E-01, 6.33925E-01, -8.54290E-01, 2.34268E+00, 6.79606E-02, 3.33295E+00, 9.09815E-01, 2.34397E+00, 3.34816E+00, 1.37261E+00, 2.59751E+00, 1.80973E+00, 2.16244E-01, -2.17487E+00, 7.93685E-04, 1.52085E+00, 7.07828E-01, 1.99812E+00, 2.91563E-01, 6.05204E-01, 2.43960E+00, 2.60279E+00, 1.87036E+00, 1.52182E+00, 1.64962E+00, 4.24692E-01, -7.14629E-01, 9.97869E-01, 3.20104E-01, 5.71704E-01, 3.38047E+00, 3.09631E+00, 3.07406E+00, 1.41560E+00, 3.29528E-01, 1.25196E-01, 3.41139E+00, 1.70680E+00, 2.99612E+00, 8.85193E-01, -7.11788E-01, 8.33755E-01, 8.03173E-01, 1.02133E+00, 2.73393E+00, 2.64447E+00, -2.72046E-01, 1.58339E+00, 5.09579E-01, 8.09035E-02, 2.14318E+00, 2.72820E+00, 2.27870E+00, 2.23594E+00, -4.77222E-01, 2.59469E+00, 1.31782E+00, -4.19252E-01, 9.07636E-01, 2.72206E+00, -2.21676E-01, 1.16963E+00, 1.03227E+00, -6.36177E-01, 2.29343E+00, 9.30079E-01, 1.84076E-01, 1.57414E+00, 1.39247E+00, -8.85953E-01, 1.15857E+00, -1.08529E+00, 8.76045E-01, 6.43427E-01, -4.52583E-01, 1.59189E-01, 1.44163E+00, 1.33365E-01, 1.57279E+00, 6.16271E-01, 6.57237E-01, 1.01961E+00, 2.65905E-01, 3.29599E-01, 2.05688E+00, 3.44137E+00, 4.03438E-01, 1.46391E-01, 1.99990E+00, -2.71510E-02, 1.82215E+00, 2.03888E+00, 7.17223E-01, 6.30417E-01, 5.13608E-01, 4.21438E-01, 2.06588E+00, 1.87679E+00, 2.83847E+00, 4.45336E-02, -1.78916E+00, -2.30135E+00, 1.55750E-01, 1.27005E-01, -1.41797E+00, 6.46355E-01, 1.03418E+00, 3.69139E+00, 4.14255E+00, 7.95165E-01, 2.57076E+00, 1.55438E+00, 6.03719E-01, 9.52138E-01, 4.77398E+00, 1.24166E+00, 1.19468E+00, -2.87440E-01, -6.54258E-05, 3.11357E-01, 3.37067E+00, 1.97108E+00, 1.03747E+00, 1.83953E+00, 2.06672E+00, -2.48753E-01, 1.83081E+00, 1.74041E+00, 3.60053E+00, 3.13247E+00, -1.50069E+00, 3.08381E-01, 1.10135E+00, 1.97130E-01, 4.97711E+00, 1.25034E+00, -1.16908E-01, -4.81053E-01, 5.39920E-01, 7.97061E-01, 2.11523E-01, 2.09010E+00, 1.99366E-01, 3.30787E-01, 1.33012E+00, 2.51762E-01, 3.27570E+00, 1.41030E+00, 2.07726E+00, 1.08248E-01, 6.60249E-01, -7.32004E-02, 1.95653E+00, 1.03928E-01, 1.63701E+00, -1.48715E+00, 1.32439E+00, 2.70867E-02, 1.69838E+00, 9.97299E-01, 1.64247E+00, 3.14351E+00, 4.28053E+00, 7.33855E-01, -1.82181E-01, 1.66251E+00, -1.90766E-01, 1.20654E+00, -1.09916E-01, 2.45546E+00, 2.21693E+00, 1.47035E+00, -8.70619E-01, 2.57194E+00, 2.13966E+00, 3.94186E-01, 8.42399E-02, -2.17511E-01, -6.61898E-01, 5.26811E-01, 1.13874E+00, 1.75964E+00, -1.41761E-01, 1.60698E+00, -1.03708E+00, 2.83498E+00, -5.81379E-01, 2.31328E+00), X= structure(.Data= c(1.00000E+00, 1.00000E+00, 1.00000E+00, 1.00000E+00, 1.00000E+00, 1.00000E+00, 1.00000E+00, 1.00000E+00, 0.00000E+00, 0.00000E+00, 0.00000E+00, 0.00000E+00, 1.00000E+00, 1.00000E+00, 1.00000E+00, 1.00000E+00, 0.00000E+00, 0.00000E+00, 0.00000E+00, 0.00000E+00, 1.00000E+00, 1.00000E+00, 1.00000E+00, 1.00000E+00, 0.00000E+00, 0.00000E+00, 0.00000E+00, 0.00000E+00, 1.00000E+00, 1.00000E+00, 1.00000E+00, 1.00000E+00, 0.00000E+00, 0.00000E+00, 0.00000E+00, 0.00000E+00, 0.00000E+00, 0.00000E+00, 0.00000E+00, 0.00000E+00, 0.00000E+00, 0.00000E+00, 0.00000E+00, 0.00000E+00, 0.00000E+00, 0.00000E+00, 0.00000E+00, 0.00000E+00, 0.00000E+00, 0.00000E+00, 0.00000E+00, 0.00000E+00, 1.00000E+00, 1.00000E+00, 1.00000E+00, 1.00000E+00, 0.00000E+00, 0.00000E+00, 0.00000E+00, 0.00000E+00, 2.00000E+00, 2.00000E+00, 2.00000E+00, 2.00000E+00, 0.00000E+00, 0.00000E+00, 0.00000E+00, 0.00000E+00, 2.00000E+00, 2.00000E+00, 2.00000E+00, 2.00000E+00, 2.00000E+00, 2.00000E+00, 2.00000E+00, 2.00000E+00, 0.00000E+00, 0.00000E+00, 0.00000E+00, 0.00000E+00, 1.00000E+00, 1.00000E+00, 1.00000E+00, 1.00000E+00, 0.00000E+00, 0.00000E+00, 0.00000E+00, 0.00000E+00, 0.00000E+00, 0.00000E+00, 0.00000E+00, 0.00000E+00, 1.00000E+00, 1.00000E+00, 1.00000E+00, 1.00000E+00, 0.00000E+00, 0.00000E+00, 0.00000E+00, 0.00000E+00, 0.00000E+00, 0.00000E+00, 0.00000E+00, 0.00000E+00, 1.00000E+00, 0.00000E+00, 1.00000E+00, 0.00000E+00, 1.00000E+00, 2.00000E+00, 1.00000E+00, 2.00000E+00, 0.00000E+00, 0.00000E+00, 0.00000E+00, 0.00000E+00, 0.00000E+00, 0.00000E+00, 0.00000E+00, 0.00000E+00, 2.00000E+00, 2.00000E+00, 2.00000E+00, 2.00000E+00, 0.00000E+00, 0.00000E+00, 0.00000E+00, 0.00000E+00, 2.00000E+00, 2.00000E+00, 2.00000E+00, 2.00000E+00, 1.00000E+00, 1.00000E+00, 1.00000E+00, 1.00000E+00, 2.00000E+00, 2.00000E+00, 2.00000E+00, 2.00000E+00, 1.00000E+00, 1.00000E+00, 1.00000E+00, 1.00000E+00, 0.00000E+00, 0.00000E+00, 0.00000E+00, 0.00000E+00, 1.00000E+00, 1.00000E+00, 1.00000E+00, 1.00000E+00, 1.00000E+00, 1.00000E+00, 1.00000E+00, 1.00000E+00, 1.00000E+00, 1.00000E+00, 1.00000E+00, 1.00000E+00, 0.00000E+00, 0.00000E+00, 0.00000E+00, 0.00000E+00, 2.00000E+00, 2.00000E+00, 2.00000E+00, 2.00000E+00, 0.00000E+00, 0.00000E+00, 0.00000E+00, 0.00000E+00, 0.00000E+00, 0.00000E+00, 0.00000E+00, 0.00000E+00, 2.00000E+00, 2.00000E+00, 2.00000E+00, 2.00000E+00, 1.00000E+00, 1.00000E+00, 1.00000E+00, 1.00000E+00, 1.00000E+00, 1.00000E+00, 1.00000E+00, 1.00000E+00, 1.00000E+00, 1.00000E+00, 1.00000E+00, 1.00000E+00, 0.00000E+00, 0.00000E+00, 0.00000E+00, 0.00000E+00, 1.00000E+00, 1.00000E+00, 1.00000E+00, 1.00000E+00, 0.00000E+00, 0.00000E+00, 0.00000E+00, 0.00000E+00, 0.00000E+00, 0.00000E+00, 0.00000E+00, 0.00000E+00, 0.00000E+00, 0.00000E+00, 0.00000E+00, 0.00000E+00, 1.00000E+00, 0.00000E+00, 0.00000E+00, 0.00000E+00, 1.00000E+00, 1.00000E+00, 1.00000E+00, 1.00000E+00, 1.00000E+00, 1.00000E+00, 1.00000E+00, 1.00000E+00, 1.00000E+00, 1.00000E+00, 1.00000E+00, 1.00000E+00, 1.00000E+00, 1.00000E+00, 1.00000E+00, 0.00000E+00, 1.00000E+00, 1.00000E+00, 1.00000E+00, 1.00000E+00, 1.00000E+00, 1.00000E+00, 1.00000E+00, 1.00000E+00, 1.00000E+00, 1.00000E+00, 1.00000E+00, 1.00000E+00, 1.00000E+00, 1.00000E+00, 1.00000E+00, 1.00000E+00, 1.00000E+00, 1.00000E+00, 1.00000E+00, 1.00000E+00, 1.00000E+00, 1.00000E+00, 1.00000E+00, 1.00000E+00, 2.00000E+00, 2.00000E+00, 2.00000E+00, 2.00000E+00, 0.00000E+00, 1.00000E+00, 1.00000E+00, 1.00000E+00, 1.00000E+00, 1.00000E+00, 1.00000E+00, 1.00000E+00, 1.00000E+00, 1.00000E+00, 1.00000E+00, 1.00000E+00, 0.00000E+00, 0.00000E+00, 0.00000E+00, 0.00000E+00, 0.00000E+00, 0.00000E+00, 0.00000E+00, 0.00000E+00, 2.00000E+00, 2.00000E+00, 2.00000E+00, 2.00000E+00, 1.00000E+00, 2.00000E+00, 1.00000E+00, 1.00000E+00, 0.00000E+00, 0.00000E+00, 0.00000E+00, 0.00000E+00, 1.00000E+00, 1.00000E+00, 1.00000E+00, 1.00000E+00, 1.00000E+00, 1.00000E+00, 1.00000E+00, 1.00000E+00, 0.00000E+00, 0.00000E+00, 0.00000E+00, 0.00000E+00, 1.00000E+00, 1.00000E+00, 1.00000E+00, 1.00000E+00,