list(y=c(1.92067E+00, 1.67149E+00, -9.56831E-01, 2.90502E+00, -9.74334E-01, 9.66733E-01, -2.10382E-01, -5.00820E-02, -1.53465E+00, 5.47805E-01, -4.85384E-01, -4.91581E-01, 2.84076E+00, 7.63625E-01, -1.24396E+00, 1.36285E+00, -1.94006E+00, 2.95350E+00, 1.46964E+00, 2.71812E+00, 9.65656E-01, -3.02682E-01, -1.65882E+00, 7.65348E-01, -8.58686E-01, -1.88548E-01, 8.62469E-01, 2.85416E+00, 5.66977E-01, 6.40871E-01, 1.25387E+00, 5.67555E-01, 2.49828E+00, 1.88553E+00, 3.71100E+00, 1.43840E+00, -7.94097E-01, 7.81044E-01, 1.07382E+00, 5.28075E-01, 3.03876E-01, 3.64420E+00, -5.75983E-01, -8.77818E-01, 2.19085E+00, 1.94490E+00, 1.37294E+00, 1.72977E+00, -6.14381E-01, 6.93863E-01, -7.53522E-01, 1.84139E-01, 2.24955E-01, 1.56917E+00, 7.43416E-01, 1.43162E+00, 1.12113E+00, 1.43825E+00, 3.32101E+00, 9.44921E-01, 1.65523E+00, 2.88739E-01, 1.45857E+00, -1.10330E+00, 2.35126E+00, -2.44221E+00, -5.76143E-01, -6.38479E-01, -9.90403E-01, 1.09737E+00, 1.63962E+00, 2.14939E+00, -1.02022E+00, -3.31221E-02, 3.02788E+00, 7.68074E-01, -1.19816E+00, 1.49557E-01, 1.17251E+00, 2.24216E+00, -3.11463E-01, 3.77160E-01, 8.22448E-01, 1.20059E+00, 5.91041E-01, -1.18477E+00, 3.45554E+00, 3.10420E+00, 2.11370E+00, 1.20816E+00, -1.14673E+00, -8.92485E-01, -1.63733E-01, -1.48708E+00, 2.94533E+00, 2.69479E+00, 2.63331E+00, -9.79093E-02, 1.31672E+00, -5.98352E-01, 3.69237E+00, 2.65729E-01, 2.36259E+00, 2.25224E+00, 1.38111E+00, 3.57504E-01, 2.54909E+00, 1.45740E+00, 6.21063E-01, 6.97268E-01, -9.89971E-01, 3.88062E-01, -1.10015E+00, 2.09681E+00, 1.22210E+00, 3.08708E+00, -4.90185E-01, 2.09810E+00, 3.10229E+00, 1.12675E+00, 2.35164E+00, 1.56387E+00, -2.96192E-02, -1.02074E+00, -2.45070E-01, 1.20848E-01, 4.61965E-01, 1.75226E+00, 6.45699E-01, 1.75934E+00, 3.46068E-01, 1.20279E+00, 2.77864E+00, -1.24042E-01, 1.40375E+00, 1.33297E+00, -9.60492E-01, 7.52006E-01, 7.42401E-02, 1.72584E+00, 3.13461E+00, 1.69631E+00, 2.82820E+00, 2.56974E+00, 8.36649E-02, -1.27480E+00, 1.76553E+00, 1.46094E+00, 3.90440E+00, 6.39330E-01, 4.42349E-01, 5.87892E-01, 8.03173E-01, 2.17547E+00, 1.33393E+00, 1.24447E+00, 8.82090E-01, 1.33753E+00, -8.90421E-01, -1.64960E-01, 1.89731E+00, 2.48234E+00, 6.32832E-01, 5.90081E-01, 1.83105E+00, 2.10296E+00, 1.31782E+00, 1.88902E+00, -4.92364E-01, -7.79368E-02, 9.32461E-01, 1.47790E+00, -3.67733E-01, 9.65628E-01, 2.04756E+00, 9.30079E-01, -6.17878E-02, 1.74143E-01, 1.14660E+00, 2.68184E-01, 9.12709E-01, -1.08529E+00, 6.30182E-01, 6.43427E-01, 7.01554E-01, 1.59189E-01, 1.44163E+00, 1.33365E-01, 1.72795E-01, -7.83729E-01, 1.81137E+00, 2.17374E+00, 2.65905E-01, -1.07040E+00, 6.56885E-01, 2.39551E+00, 1.55757E+00, 6.06996E-01, 5.99898E-01, 1.12699E+00, 2.97628E+00, 2.03888E+00, -6.82777E-01, 3.04174E-02, 1.66774E+00, -5.30894E-01, 6.65879E-01, 1.63092E+00, 1.19261E+00, 1.19867E+00, 5.19113E-01, -2.30135E+00, -1.24425E+00, -1.27299E+00, -2.63830E-01, 4.00492E-01, -3.65820E-01, 2.04553E+00, 3.89669E+00, 3.10344E+00, 2.32490E+00, 1.55438E+00, 3.57855E-01, -4.47862E-01, 3.12811E+00, 3.95793E-01, 2.90295E+00, -8.56352E-02, 4.47603E-01, 6.54938E-02, 5.70673E-01, 1.72522E+00, 1.94574E+00, 1.59366E+00, 1.82085E+00, -4.94616E-01, 1.58495E+00, 1.49455E+00, 1.95467E+00, 2.88661E+00, 8.07586E-01, 1.46252E+00, -2.98654E-01, 1.97130E-01, 3.33124E+00, -1.49664E-01, 2.19136E+00, 6.73084E-01, -8.60080E-01, -6.02939E-01, -3.43405E-02, 1.84423E+00, 1.35350E+00, 8.49239E-02, -6.98784E-02, 5.89817E-03, 1.62984E+00, 1.16443E+00, 2.98553E+00, 1.26238E+00, 4.14385E-01, -7.32004E-02, 1.71067E+00, -1.29607E+00, 1.39115E+00, -3.33011E-01, 1.07852E+00, 2.70867E-02, 2.85252E+00, -4.02701E-01, 2.42474E-01, 2.89764E+00, 2.63466E+00, 4.87991E-01, 2.12609E+00, 1.41665E+00, -1.90766E-01, 9.60678E-01, -1.50992E+00, 8.09592E-01, 1.97107E+00, 2.37862E+00, 2.83518E-01, 2.32608E+00, 7.39658E-01, 1.54832E+00, 1.23838E+00, -2.17511E-01, -6.61898E-01, 5.26811E-01, 1.13874E+00, 1.75964E+00, -1.41761E-01, 2.06976E-01, -1.03708E+00, 2.58912E+00, -1.98138E+00, 2.06741E+00, 3.69192E-01, 5.56316E-01), X= structure(.Data= c(1.00000E+00, 1.00000E+00, 1.00000E+00, 1.00000E+00, 1.00000E+00, 1.00000E+00, 1.00000E+00, 1.00000E+00, 0.00000E+00, 0.00000E+00, 0.00000E+00, 0.00000E+00, 1.00000E+00, 1.00000E+00, 1.00000E+00, 1.00000E+00, 0.00000E+00, 0.00000E+00, 0.00000E+00, 0.00000E+00, 1.00000E+00, 1.00000E+00, 1.00000E+00, 1.00000E+00, 0.00000E+00, 0.00000E+00, 0.00000E+00, 0.00000E+00, 1.00000E+00, 1.00000E+00, 1.00000E+00, 1.00000E+00, 0.00000E+00, 0.00000E+00, 0.00000E+00, 0.00000E+00, 0.00000E+00, 0.00000E+00, 0.00000E+00, 0.00000E+00, 0.00000E+00, 0.00000E+00, 0.00000E+00, 0.00000E+00, 0.00000E+00, 0.00000E+00, 0.00000E+00, 0.00000E+00, 0.00000E+00, 0.00000E+00, 0.00000E+00, 0.00000E+00, 1.00000E+00, 1.00000E+00, 1.00000E+00, 1.00000E+00, 0.00000E+00, 0.00000E+00, 0.00000E+00, 0.00000E+00, 2.00000E+00, 2.00000E+00, 2.00000E+00, 2.00000E+00, 0.00000E+00, 0.00000E+00, 0.00000E+00, 0.00000E+00, 2.00000E+00, 2.00000E+00, 2.00000E+00, 2.00000E+00, 2.00000E+00, 2.00000E+00, 2.00000E+00, 2.00000E+00, 0.00000E+00, 0.00000E+00, 0.00000E+00, 0.00000E+00, 1.00000E+00, 1.00000E+00, 1.00000E+00, 1.00000E+00, 0.00000E+00, 0.00000E+00, 0.00000E+00, 0.00000E+00, 0.00000E+00, 0.00000E+00, 0.00000E+00, 0.00000E+00, 1.00000E+00, 1.00000E+00, 1.00000E+00, 1.00000E+00, 0.00000E+00, 0.00000E+00, 0.00000E+00, 0.00000E+00, 0.00000E+00, 0.00000E+00, 0.00000E+00, 0.00000E+00, 1.00000E+00, 0.00000E+00, 1.00000E+00, 0.00000E+00, 1.00000E+00, 2.00000E+00, 1.00000E+00, 2.00000E+00, 0.00000E+00, 0.00000E+00, 0.00000E+00, 0.00000E+00, 0.00000E+00, 0.00000E+00, 0.00000E+00, 0.00000E+00, 2.00000E+00, 2.00000E+00, 2.00000E+00, 2.00000E+00, 0.00000E+00, 0.00000E+00, 0.00000E+00, 0.00000E+00, 2.00000E+00, 2.00000E+00, 2.00000E+00, 2.00000E+00, 1.00000E+00, 1.00000E+00, 1.00000E+00, 1.00000E+00, 2.00000E+00, 2.00000E+00, 2.00000E+00, 2.00000E+00, 1.00000E+00, 1.00000E+00, 1.00000E+00, 1.00000E+00, 0.00000E+00, 0.00000E+00, 0.00000E+00, 0.00000E+00, 1.00000E+00, 1.00000E+00, 1.00000E+00, 1.00000E+00, 1.00000E+00, 1.00000E+00, 1.00000E+00, 1.00000E+00, 1.00000E+00, 1.00000E+00, 1.00000E+00, 1.00000E+00, 0.00000E+00, 0.00000E+00, 0.00000E+00, 0.00000E+00, 2.00000E+00, 2.00000E+00, 2.00000E+00, 2.00000E+00, 0.00000E+00, 0.00000E+00, 0.00000E+00, 0.00000E+00, 0.00000E+00, 0.00000E+00, 0.00000E+00, 0.00000E+00, 2.00000E+00, 2.00000E+00, 2.00000E+00, 2.00000E+00, 1.00000E+00, 1.00000E+00, 1.00000E+00, 1.00000E+00, 1.00000E+00, 1.00000E+00, 1.00000E+00, 1.00000E+00, 1.00000E+00, 1.00000E+00, 1.00000E+00, 1.00000E+00, 0.00000E+00, 0.00000E+00, 0.00000E+00, 0.00000E+00, 1.00000E+00, 1.00000E+00, 1.00000E+00, 1.00000E+00, 0.00000E+00, 0.00000E+00, 0.00000E+00, 0.00000E+00, 0.00000E+00, 0.00000E+00, 0.00000E+00, 0.00000E+00, 0.00000E+00, 0.00000E+00, 0.00000E+00, 0.00000E+00, 1.00000E+00, 0.00000E+00, 0.00000E+00, 0.00000E+00, 1.00000E+00, 1.00000E+00, 1.00000E+00, 1.00000E+00, 1.00000E+00, 1.00000E+00, 1.00000E+00, 1.00000E+00, 1.00000E+00, 1.00000E+00, 1.00000E+00, 1.00000E+00, 1.00000E+00, 1.00000E+00, 1.00000E+00, 0.00000E+00, 1.00000E+00, 1.00000E+00, 1.00000E+00, 1.00000E+00, 1.00000E+00, 1.00000E+00, 1.00000E+00, 1.00000E+00, 1.00000E+00, 1.00000E+00, 1.00000E+00, 1.00000E+00, 1.00000E+00, 1.00000E+00, 1.00000E+00, 1.00000E+00, 1.00000E+00, 1.00000E+00, 1.00000E+00, 1.00000E+00, 1.00000E+00, 1.00000E+00, 1.00000E+00, 1.00000E+00, 2.00000E+00, 2.00000E+00, 2.00000E+00, 2.00000E+00, 0.00000E+00, 1.00000E+00, 1.00000E+00, 1.00000E+00, 1.00000E+00, 1.00000E+00, 1.00000E+00, 1.00000E+00, 1.00000E+00, 1.00000E+00, 1.00000E+00, 1.00000E+00, 0.00000E+00, 0.00000E+00, 0.00000E+00, 0.00000E+00, 0.00000E+00, 0.00000E+00, 0.00000E+00, 0.00000E+00, 2.00000E+00, 2.00000E+00, 2.00000E+00, 2.00000E+00, 1.00000E+00, 2.00000E+00, 1.00000E+00, 1.00000E+00, 0.00000E+00, 0.00000E+00, 0.00000E+00, 0.00000E+00, 1.00000E+00, 1.00000E+00, 1.00000E+00, 1.00000E+00, 1.00000E+00, 1.00000E+00, 1.00000E+00, 1.00000E+00, 0.00000E+00, 0.00000E+00, 0.00000E+00, 0.00000E+00, 1.00000E+00, 1.00000E+00, 