list(gamma=c(0.00000E+00, 1.00000E+00, 0.00000E+00, 0.00000E+00), beta= structure(.Data= c(2.08997E-05, 3.26311E-01, -1.66466E-05, 1.54855E-04), .Dim=c(4, 1)), tau=1.14909E+01, sigma2.inv=, omega=c(1.08753E-01, 1.29725E-01, 2.99849E-01, 5.39277E-01))
