list(gamma=c(1.00000E+00, 0.00000E+00, 1.00000E+00, 0.00000E+00), beta= structure(.Data= c(1.15565E+00, 1.46373E-04, -4.21163E-01, 2.87935E-04), .Dim=c(4, 1)), tau=1.14909E+01, sigma2.inv=, omega=c(8.75183E-02, 1.67589E-01, 8.67651E-01, 4.49871E-01))
