list(gamma=c(1.00000E+00, 1.00000E+00, 1.00000E+00, 0.00000E+00), beta= structure(.Data= c(1.00350E+00, 2.59155E-01, -3.82771E-01, 6.61368E-04), .Dim=c(4, 1)), tau=1.14909E+01, sigma2.inv=, omega=c(5.90982E-01, 4.69805E-01, 2.82923E-01, 7.41956E-01))
