list(y=c(-3.19467E-02, 1.75632E-01, -2.04269E+00, -3.69544E+00, -3.79279E+00, -1.83435E+00, 4.31232E-02, 1.07945E+00, -9.23913E-01, 1.43540E+00, -2.66508E+00, -1.03291E+00, -1.65062E+00, -8.10711E-01, 1.53027E+00, -2.11461E+00, -8.96964E-01, -2.41876E+00, -4.13725E+00, -1.49685E+00, -2.30519E+00, -1.29353E+00, -1.41149E+00, -2.68875E+00, -2.06492E+00, -1.57469E+00, -2.59271E+00, -3.35772E+00, 5.29485E-01, -3.24250E+00, -1.51762E+00, -1.25970E+00, -2.78015E+00, -8.20828E-01, -4.86376E+00, -1.96177E+00, -1.80831E+00, 4.99904E-02, -3.67983E+00, -3.33812E+00, -2.29033E+00, -1.83785E+00, -1.91743E+00, -1.08395E+00, -4.04574E-01, -1.47733E+00, -8.25838E-01, 1.53957E+00, -3.70992E+00, -1.78548E+00, -1.13120E-01, -1.51239E+00, -2.74617E+00, -9.14496E-01, -4.06435E-01, 1.27755E+00, -7.39426E-01, -2.65811E+00, -5.94084E-01, -1.19293E+00, -2.65937E+00, -9.67598E-01, -2.22532E+00, -1.98936E+00, -3.44365E+00, 1.33989E+00, -1.48006E+00, -9.79883E-01, -2.69050E+00, 2.47606E-01, -2.24461E+00, -9.65042E-01, -2.51769E+00, -1.43031E+00, -3.38407E+00, -1.54816E+00, -1.24579E+00, 2.49647E-01, -7.75360E-01, -2.93172E-01, -7.94743E-01, 3.33704E-01, -2.12618E+00, -4.05892E-01, -1.73770E-01, 2.36636E+00, -5.13813E+00, -2.74859E+00, -4.64332E+00, -1.74198E+00, -4.12449E+00, -1.06383E+00, -1.29864E+00, 5.48515E-01, -1.03550E+00, -4.27862E+00, -1.75202E+00, -6.22719E-01, -3.69714E-01, -8.41914E-01), X= structure(.Data= c(1.00000E+00, 1.00000E+00, 0.00000E+00, 0.00000E+00, 1.00000E+00, 1.00000E+00, 2.00000E+00, 1.00000E+00, 2.00000E+00, 1.00000E+00, 1.00000E+00, 1.00000E+00, 1.00000E+00, 1.00000E+00, 0.00000E+00, 0.00000E+00, 0.00000E+00, 0.00000E+00, 0.00000E+00, 0.00000E+00, 1.00000E+00, 1.00000E+00, 1.00000E+00, 1.00000E+00, 1.00000E+00, 0.00000E+00, 1.00000E+00, 1.00000E+00, 0.00000E+00, 0.00000E+00, 1.00000E+00, 1.00000E+00, 1.00000E+00, 1.00000E+00, 1.00000E+00, 0.00000E+00, 2.00000E+00, 2.00000E+00, 0.00000E+00, 0.00000E+00, 2.00000E+00, 1.00000E+00, 1.00000E+00, 1.00000E+00, 1.00000E+00, 1.00000E+00, 2.00000E+00, 2.00000E+00, 1.00000E+00, 0.00000E+00, 1.00000E+00, 1.00000E+00, 1.00000E+00, 1.00000E+00, 2.00000E+00, 2.00000E+00, 1.00000E+00, 1.00000E+00, 1.00000E+00, 1.00000E+00, 1.00000E+00, 1.00000E+00, 1.00000E+00, 0.00000E+00, 2.00000E+00, 1.00000E+00, 1.00000E+00, 1.00000E+00, 2.00000E+00, 2.00000E+00, 1.00000E+00, 1.00000E+00, 1.00000E+00, 1.00000E+00, 1.00000E+00, 1.00000E+00, 2.00000E+00, 2.00000E+00, 1.00000E+00, 0.00000E+00, 1.00000E+00, 1.00000E+00, 2.00000E+00, 1.00000E+00, 2.00000E+00, 2.00000E+00, 1.00000E+00, 0.00000E+00, 1.00000E+00, 0.00000E+00, 1.00000E+00, 1.00000E+00, 1.00000E+00, 1.00000E+00, 0.00000E+00, 0.00000E+00, 2.00000E+00, 1.00000E+00, 1.00000E+00, 1.00000E+00, 0.00000E+00, 0.00000E+00, 1.00000E+00, 1.00000E+00, 2.00000E+00, 1.00000E+00, 1.00000E+00, 1.00000E+00, 0.00000E+00, 0.00000E+00, 1.00000E+00, 1.00000E+00, 1.00000E+00, 1.00000E+00, 2.00000E+00, 1.00000E+00, 1.00000E+00, 0.00000E+00, 1.00000E+00, 0.00000E+00, 2.00000E+00, 1.00000E+00, 1.00000E+00, 1.00000E+00, 2.00000E+00, 1.00000E+00, 1.00000E+00, 1.00000E+00, 1.00000E+00, 1.00000E+00, 0.00000E+00, 0.00000E+00, 0.00000E+00, 0.00000E+00, 1.00000E+00, 1.00000E+00, 2.00000E+00, 1.00000E+00, 1.00000E+00, 0.00000E+00, 2.00000E+00, 2.00000E+00, 1.00000E+00, 1.00000E+00, 2.00000E+00, 1.00000E+00, 1.00000E+00, 0.00000E+00, 2.00000E+00, 1.00000E+00, 1.00000E+00, 0.00000E+00, 1.00000E+00, 1.00000E+00, 1.00000E+00, 1.00000E+00, 0.00000E+00, 0.00000E+00, 0.00000E+00, 0.00000E+00, 0.00000E+00, 0.00000E+00, 0.00000E+00, 0.00000E+00, 1.00000E+00, 1.00000E+00, 1.00000E+00, 0.00000E+00, 0.00000E+00, 0.00000E+00, 0.00000E+00, 0.00000E+00, 2.00000E+00, 1.00000E+00, 2.00000E+00, 2.00000E+00, 2.00000E+00, 2.00000E+00, 1.00000E+00, 1.00000E+00, 2.00000E+00, 2.00000E+00, 1.00000E+00, 0.00000E+00, 0.00000E+00, 0.00000E+00, 0.00000E+00, 0.00000E+00, 2.00000E+00, 1.00000E+00, 1.00000E+00, 1.00000E+00, 1.00000E+00, 1.00000E+00, 1.00000E+00, 1.00000E+00, 1.00000E+00, 1.00000E+00, 1.00000E+00, 0.00000E+00), .Dim=c(100, 2)), p=2.00000E+00, n=1.00000E+02, eps=1.00000E+04, a=c(1.00000E+00, 1.00000E+00), b=c(1.00000E+00, 1.00000E+00), lambda=1.00000E-02, kappa=1.00000E+00, eta=4.44964E-01, nu=1.00000E+00)
