list(y=c(-1.44556E+00, -3.68041E-01, 8.67756E-01, -1.60022E-01, -1.36377E+00, -1.39926E+00, -1.68740E+00, 5.57812E-02, 3.64370E+00, -4.22765E-01, 4.14434E-01, -2.26853E+00, -6.72408E-01, 4.20866E-01, -1.17982E+00, -6.74127E-01, -7.82761E-01, 1.38472E+00, -7.35600E-01, 9.48351E-01, 1.15913E+00, 4.18833E-02, -1.13459E+00, -5.60494E-02, 5.31554E-01, 3.89053E-01, 2.72548E+00, -5.62091E-01, 3.35602E+00, -5.66961E-01, -5.29128E-01, -3.59255E-01, 7.32646E-01, -1.69609E+00, 7.61706E-01, -5.36364E-02, -1.04582E-01, -5.23010E-01, 4.10909E+00, -5.48841E-01, 3.75396E-01, -1.21619E+00, -2.04786E+00, -1.81009E-01, -1.27980E+00, 7.69763E-01, -8.97111E-01, 3.39645E-01, 2.09117E-01, -1.09006E+00, 1.05358E+00, 4.66492E-01, 1.20618E+00, 1.53595E+00, 1.68055E-01, -4.31422E-01, 5.29484E-01, 1.02620E+00, 1.28632E+00, -4.43760E-01, 1.72404E+00, 3.83238E+00, 3.95913E-01, 5.14185E-01, -1.41169E+00, -1.44332E+00, 6.99892E-01, -8.28345E-01, -1.64488E+00, -8.49087E-01, 7.24356E-01, 1.88219E-01, 6.79756E-01, 5.17464E-02, -7.53158E-01, -2.71103E-01, -2.24952E+00, 2.43298E+00, -1.41315E-01, -1.29411E+00, 3.67853E-01, 7.03603E-01, 3.03772E-01, -2.29307E+00, -1.48563E+00, 7.57595E-01, 1.21186E+00, -9.53677E-01, 5.07072E-01, -4.96237E-01, 1.91343E+00, -1.38846E+00, 1.15188E+00, 4.31948E-01, 7.83309E-01, -1.11700E+00, -1.56628E+00, -6.18423E-01, -5.13134E-01, -1.47968E-01), X= structure(.Data= c(0.00000E+00, 0.00000E+00, 0.00000E+00, 0.00000E+00, 0.00000E+00, 0.00000E+00, 0.00000E+00, 0.00000E+00, 0.00000E+00, 0.00000E+00, 0.00000E+00, 0.00000E+00, 0.00000E+00, 0.00000E+00, 0.00000E+00, 0.00000E+00, 1.00000E+00, 1.00000E+00, 0.00000E+00, 1.00000E+00, 0.00000E+00, 0.00000E+00, 0.00000E+00, 0.00000E+00, 0.00000E+00, 0.00000E+00, 0.00000E+00, 0.00000E+00, 0.00000E+00, 0.00000E+00, 0.00000E+00, 0.00000E+00, 0.00000E+00, 0.00000E+00, 0.00000E+00, 0.00000E+00, 0.00000E+00, 0.00000E+00, 0.00000E+00, 0.00000E+00, 0.00000E+00, 0.00000E+00, 0.00000E+00, 0.00000E+00, 0.00000E+00, 0.00000E+00, 0.00000E+00, 0.00000E+00, 0.00000E+00, 0.00000E+00, 0.00000E+00, 1.00000E+00, 1.00000E+00, 1.00000E+00, 0.00000E+00, 0.00000E+00, 1.00000E+00, 1.00000E+00, 0.00000E+00, 0.00000E+00, 0.00000E+00, 0.00000E+00, 0.00000E+00, 0.00000E+00, 0.00000E+00, 0.00000E+00, 0.00000E+00, 0.00000E+00, 0.00000E+00, 0.00000E+00, 0.00000E+00, 0.00000E+00, 0.00000E+00, 0.00000E+00, 0.00000E+00, 0.00000E+00, 1.00000E+00, 2.00000E+00, 0.00000E+00, 0.00000E+00, 0.00000E+00, 1.00000E+00, 0.00000E+00, 0.00000E+00, 0.00000E+00, 1.00000E+00, 0.00000E+00, 0.00000E+00, 0.00000E+00, 0.00000E+00, 0.00000E+00, 0.00000E+00, 0.00000E+00, 1.00000E+00, 0.00000E+00, 0.00000E+00, 0.00000E+00, 0.00000E+00, 0.00000E+00, 0.00000E+00, 0.00000E+00, 0.00000E+00, 0.00000E+00, 0.00000E+00, 0.00000E+00, 1.00000E+00, 0.00000E+00, 0.00000E+00, 0.00000E+00, 0.00000E+00, 0.00000E+00, 0.00000E+00, 0.00000E+00, 0.00000E+00, 0.00000E+00, 0.00000E+00, 0.00000E+00, 0.00000E+00, 0.00000E+00, 0.00000E+00, 0.00000E+00, 1.00000E+00, 1.00000E+00, 1.00000E+00, 0.00000E+00, 0.00000E+00, 0.00000E+00, 0.00000E+00, 0.00000E+00, 1.00000E+00, 0.00000E+00, 0.00000E+00, 0.00000E+00, 0.00000E+00, 0.00000E+00, 0.00000E+00, 0.00000E+00, 0.00000E+00, 0.00000E+00, 1.00000E+00, 0.00000E+00, 0.00000E+00, 0.00000E+00, 0.00000E+00, 0.00000E+00, 1.00000E+00, 0.00000E+00, 0.00000E+00, 0.00000E+00, 0.00000E+00, 0.00000E+00, 0.00000E+00, 0.00000E+00, 0.00000E+00, 0.00000E+00, 1.00000E+00, 0.00000E+00, 0.00000E+00, 0.00000E+00, 1.00000E+00, 0.00000E+00, 1.00000E+00, 0.00000E+00, 0.00000E+00, 0.00000E+00, 0.00000E+00, 0.00000E+00, 0.00000E+00, 0.00000E+00, 0.00000E+00, 0.00000E+00, 0.00000E+00, 0.00000E+00, 0.00000E+00, 0.00000E+00, 0.00000E+00, 0.00000E+00, 0.00000E+00, 0.00000E+00, 0.00000E+00, 1.00000E+00, 2.00000E+00, 0.00000E+00, 1.00000E+00, 0.00000E+00, 0.00000E+00, 0.00000E+00, 0.00000E+00, 0.00000E+00, 2.00000E+00, 0.00000E+00, 0.00000E+00, 0.00000E+00, 1.00000E+00, 0.00000E+00, 0.00000E+00, 0.00000E+00, 0.00000E+00, 0.00000E+00, 0.00000E+00), .Dim=c(100, 2)), p=2.00000E+00, n=1.00000E+02, eps=1.00000E-04, a=c(1.00000E+00, 1.00000E+00), b=c(1.00000E+00, 1.00000E+00), lambda=1.00000E-02, kappa=1.00000E+00, eta=6.08335E-01, nu=1.00000E+00)
