list(y=c(-6.76425E-01, 1.50733E-01, 3.68887E-01, -7.02263E-01, 1.27656E+00, -1.20997E+00, -2.61720E-01, 2.03931E-01, 2.71054E+00, 2.16313E+00, 2.80940E+00, -9.94744E-01, -3.62337E-01, -1.00134E+00, 1.78984E+00, 1.58043E+00, 1.31332E+00, 3.57688E+00, -1.72182E+00, -7.18081E-01, 2.19316E+00, 1.20530E+00, -1.09153E+00, 2.08207E+00, 1.67672E+00, 5.91167E-01, 1.26435E+00, -2.07428E+00, -1.36481E+00, -1.58912E+00, -5.67706E-02, -1.19992E+00, 3.76632E+00, 5.90725E-02, -5.29405E-01, 1.51213E+00, 2.08327E+00, -9.60088E-01, 1.92090E+00, 8.46611E-01, 4.85057E-01, -6.28684E-01, -4.42959E-02, 1.87609E+00, 2.94470E+00, 2.30341E+00, 5.77133E-01, 3.58070E+00, -5.60461E-01, 2.02144E+00, 1.27304E+00, 1.13491E+00, 2.43472E-01, 7.08946E-01, 2.42763E+00, 3.52346E+00, 1.42550E+00, 1.43242E+00, 1.16665E+00, -8.08171E-01, 2.03630E+00, -2.27681E+00, -3.14463E-01, 3.89844E+00, 3.14167E+00, 1.06745E+00, -1.19236E-01, -5.16162E-01, 1.01287E+00, 1.99273E+00, 3.29431E-01, 5.69148E-01, 8.61531E-01, -1.27734E+00, 1.72254E+00, 1.63788E+00, 1.65392E+00, 7.35210E-01, 2.91839E+00, 2.06794E+00, 1.97993E+00, -6.57121E-01, -6.57009E-01, 9.21501E-01, 3.40369E+00, 5.56596E-01, -6.11757E-02, -9.54942E-02, 1.36214E+00, 9.88768E-01, 8.75073E-01, 2.59014E+00, 1.24480E+00, -1.43281E-02, 9.39211E-01, -1.60287E-01, 1.98421E+00, 4.07381E-01, -1.46496E-01, 2.17568E+00, 5.83270E-01, 6.41490E-01, -5.05561E-02, -4.05738E-01, 1.50897E+00, 1.04710E+00, -9.39848E-01, 1.29053E+00, 2.07021E+00, 3.94855E+00, 1.89018E+00, 5.45881E-01, 1.47481E-01, 5.48527E-02, -7.01049E-01, 1.14647E+00, -1.89199E+00, -1.56833E+00, 1.29365E+00, 3.82787E-01, 3.00665E+00, 8.96494E-01, 9.74811E-01, -1.75241E+00, 1.29790E+00, 3.99629E+00, 1.34175E+00, 1.52698E+00, 2.08394E+00, -1.16360E+00, 1.16519E+00, 1.72449E-01, 2.46139E+00, 3.50947E+00, 2.48589E-02, 5.31090E-01, 3.32688E+00, -7.44662E-01, 3.57644E+00, 3.53613E+00, 2.13793E+00, 2.60290E+00, -4.59693E-01, 1.79660E+00, 1.54907E+00, 1.67123E+00, 5.08957E-01, 4.55669E+00, 1.93890E+00, 2.26495E-01, 3.88316E+00, 1.08051E+00, 2.95184E+00, -1.59016E-01, 2.00443E+00, 2.28315E+00, 2.16065E+00, 4.69390E+00, 1.81174E+00, 1.72689E+00, -2.01373E-01, -4.52387E-01, 9.30646E-01, 5.67994E-01, -7.71548E-01, -1.63108E+00, 4.49404E-01, -1.47214E+00, 2.93537E+00, 5.56091E-01, 3.23301E+00, 7.47451E-01, 2.37398E-01, 4.38564E-02, 2.96169E+00, 8.78887E-02, 4.75787E-01, 1.87825E+00, 2.29918E+00, 1.43517E+00, -1.19774E+00, 1.54305E+00, 2.18899E+00, 3.84630E-01, 4.50845E-01, -1.05562E-01, 3.18471E+00, 2.39252E+00, 2.36239E+00, 2.03131E+00, 4.87644E+00, 8.42645E-01, -2.87045E-01, 1.68796E+00, 1.79985E+00, 2.02421E+00, 8.46708E-01, 1.97875E+00, 1.75068E+00, 1.85949E-01, 2.12429E+00, 1.87776E+00, 3.20503E+00, 1.34281E+00, 2.44400E-01, -1.72498E+00, 2.39411E+00, 3.07119E+00, 2.36396E+00, 2.49985E-01, -6.77368E-01, 4.59326E+00, 3.33922E+00, 5.67732E+00, 3.14720E+00, -7.40763E-01, 2.42760E+00, 8.00200E-01, 8.78415E-01, -9.16046E-01, 3.37023E-01, 2.46877E+00, 3.37889E+00, 1.37839E+00, 6.85147E-01, 1.12996E+00, -1.42458E+00, 1.36286E+00, 6.98655E-02, 3.69451E-01, 1.22224E+00, 1.82036E+00, 1.33100E+00, 4.96441E+00, 1.77415E-01, 3.44013E+00, 2.19548E+00, 1.91297E+00, 2.23240E+00, 7.46176E-01, 1.58305E+00, 3.86186E-01, 1.98558E+00, -9.51941E-01, 1.06238E+00, 5.42923E-01, 2.78542E+00, 1.09179E+00, 8.00879E-01, 2.65873E+00, 3.35400E-01, 2.09325E+00, -5.95880E-01, 5.88899E-01, -1.64549E+00, 2.27097E+00, 2.62379E+00, 1.98828E+00, 2.03022E+00, -3.13313E-01, -1.75661E-01, -8.07180E-01, 1.78626E+00, 3.46322E-01, 1.18755E+00, 1.12231E+00, 4.34397E+00, 4.86592E+00, 1.18607E+00, 2.52203E+00, 3.51854E+00, 1.89278E-01, 2.27485E+00, -1.05613E+00, 3.84396E+00, -2.77640E-01, 3.19571E+00, 4.52197E-01, 2.91097E+00, 1.86494E+00, -5.68679E-02, 6.55616E-01, 6.54271E-01, 1.55800E+00, 1.72260E+00, 4.18604E+00, 2.23309E+00, -3.43944E+00, 1.51279E+00, 1.40484E+00, 2.02696E+00, 1.93169E+00, 3.96753E+00, 6.79206E-01, 2.38412E+00, 2.93043E+00, 5.97003E-01, 2.22748E+00, 2.72897E+00, 2.60621E+00, 2.07654E+00, 2.36536E+00, 2.16147E+00, 1.33414E+00, -1.67401E+00, -2.38951E-01, 2.43397E+00, -2.66099E-02, 3.98223E+00, 9.57561E-01, 2.71860E+00, 3.18803E+00, 1.86180E+00, -2.26720E+00, -2.14088E+00, -1.09168E+00, 2.13335E+00, 9.26617E-01, 1.38524E+00, 1.22073E+00, 3.19732E+00, 4.65122E-01, 1.85016E+00, 1.50244E+00, 2.85147E+00, 2.46162E+00, 4.45020E-01, 7.49254E-01, 5.41155E-01, 1.19178E+00, -1.76438E+00, 1.12755E+00, 1.78602E+00, 1.98652E+00, -1.06905E+00, 1.88574E+00, -1.09889E+00, 1.21032E+00, 9.16531E-01, 1.08905E+00, 1.04926E+00, 7.85306E-01, 1.47034E+00, 3.34230E+00, -1.51455E+00, 1.69520E+00, 3.04169E+00, 1.33992E+00, 2.56824E+00, 3.25495E+00, 2.99272E+00, 3.27868E-01, 3.58099E+00, -4.00959E-01, -8.73909E-01, -1.84300E+00, 2.87422E-02, -1.62185E-01, -1.87576E-01, 1.45804E+00, 1.27409E+00, 2.62586E+00, -8.48607E-01, 1.00877E-01, -5.04519E-01, 1.44398E+00, 1.72197E+00, 1.69795E+00, 4.31038E-01, -4.92810E-01, -1.64881E+00, 1.78955E+00, 3.57127E+00, 1.17950E+00, 4.32269E+00, 1.54103E+00, 3.40141E+00, 2.84228E+00, 1.33331E+00, 3.15929E+00, 3.11519E+00, 3.59015E+00, 2.50596E+00, 4.03443E+00, 2.07555E-01, 2.66025E+00, -3.04808E-01, 8.10742E-01, 2.12024E+00, 1.76415E+00, 3.42319E-01, -1.01580E+00, 1.80303E+00, 1.46402E+00, 7.29877E-01, 9.00871E-01, 1.33787E+00, 3.79194E+00, 9.02430E-02, 7.91015E-01, 1.28410E+00, -4.18464E-01, 2.13273E-01, 2.13064E+00, -8.68731E-01, 2.39659E+00, 2.51304E+00, -2.85589E-02, 3.01782E+00, 1.22061E+00, 2.20091E+00, 9.25517E-01, -4.91294E-01, 3.03502E+00, 1.81889E+00, -1.04134E+00, 2.67854E+00, 3.60801E-01, 5.19044E-01, -1.07638E+00, -3.10491E-01, 1.11249E+00, 2.48213E+00, 1.76014E-01, -5.61526E-01, -9.30557E-01, 1.12548E+00, 8.29652E-01, -2.49932E-01, 1.37857E+00, 2.08004E-01, 2.82020E+00, 2.08255E+00, 2.49303E+00, 1.09980E+00, 1.99759E+00, 2.45870E+00, 3.87794E-01, 1.73833E-01, 9.59984E-01, 2.79198E-01, 1.89277E+00, 2.27161E+00, 1.95667E+00, -4.25189E-01, 1.79869E+00, 3.37654E+00, 1.39852E+00, 1.80914E+00, 1.75866E+00, -2.09012E-02, 3.33615E+00, 9.23169E-01, -3.19631E-01, 2.39976E+00, 8.55147E-01, 2.85376E+00, 2.24232E+00, 2.59959E-01, 4.09386E-01, 2.23216E+00, 1.09131E+00, -1.98651E-01, 5.81721E-02, 8.91296E-01, 1.94263E+00, -8.28496E-01, 2.38184E-02, 4.32042E+00, -1.40357E-01, 5.86178E-01, 2.67280E-01, 6.37156E-01, 8.89687E-01, 2.62463E+00, -5.14065E-01, -1.70699E+00, -1.93942E-01, 1.01136E+00, 1.58765E+00, 1.33542E+00, 3.16782E+00, 1.78951E+00, 3.62486E+00, 1.40280E+00, 2.83493E+00, 1.05939E+00, 4.97136E-01, 1.94669E+00, 1.10784E+00, 4.44815E-01, 1.39390E+00, 1.16768E+00, 1.70514E+00, 1.49352E+00, 1.58672E+00, -1.60390E+00, 2.05597E+00, -1.46807E-01, 9.94662E-01, 1.50928E+00, 2.11823E+00, 1.46567E+00, 4.82904E-01, 2.60713E+00, 2.43320E+00, 2.52057E+00, 3.35540E-01, 2.19347E+00, 1.35744E+00, 2.03808E+00, 2.76510E+00, 4.74616E-01, 1.57753E+00, 1.83547E+00, 1.49181E+00, 2.94061E-01, 2.29559E+00, 3.75721E-01, 1.30084E-01, -1.12759E+00, -8.75265E-01, 2.16822E+00, -2.65420E-01, 1.86862E+00, 2.54711E-01, 1.65518E+00, 3.03509E+00, 3.17594E+00, 1.39926E+00, -9.72934E-01, 7.02106E-01, 6.03615E-01, -5.60922E-01, 5.91632E-01, 1.88655E+00, -4.01804E-01, 2.66850E+00, 2.50406E-02, 3.85379E+00, -9.56471E-01, 4.35531E+00, -1.89835E-01, -9.60277E-02, 7.37537E-01, 1.91515E+00, -7.67907E-01, 5.23030E+00, 4.88908E-01, -2.18842E-01, 4.35739E+00, 1.02824E+00, 2.46034E+00, 7.06086E-01, 9.60155E-01, 2.62533E+00, -5.17488E-01, 1.18011E+00, -8.70806E-01, 8.38691E-01, 8.11919E-01, 3.63701E+00, 5.39652E-03, 5.08421E-01, -1.49154E+00, 3.12237E-01, 2.00845E+00, 2.62500E+00, 2.64051E+00, 1.07429E-01, 2.72060E+00, 2.73718E+00, 2.57482E+00, 2.38670E+00, 1.16024E+00, 7.07428E-01, 1.25031E+00, 1.80937E+00, -6.92876E-01, -9.64861E-01, 2.31321E+00, -3.67657E-01, -7.32853E-01, 1.07839E+00, 3.77977E-01, 2.12984E+00, 7.29188E-01, 2.23990E+00, -1.19670E-01, -1.56639E+00, -1.72614E+00, 6.84604E-01, -1.46924E-01, 8.07934E-01, 3.17330E-01, 1.00815E+00, 8.77924E-01, 1.85957E+00, 2.25675E+00, 1.47065E+00, 2.95877E+00, 4.59896E-01, 2.37487E+00, -1.24690E+00, 