list(y=c(-1.34943E+00, -3.46513E+00, 2.39275E-01, -2.83076E+00, -4.41415E-01, 1.05292E+00, -6.10434E-01, 4.43376E+00, 1.56447E+00, 2.33803E+00, 2.35586E+00, -6.04075E-01, -1.97544E+00, -4.44759E-01, 6.68144E-02, 8.57824E-02, -1.54182E+00, 7.26795E-01, 1.96516E-01, 5.69855E-01, 1.45357E-01, 1.31502E-01, 1.20768E+00, 1.19761E+00, -1.58882E+00, 1.35414E+00, -1.65705E+00, 4.35968E-01, -2.93122E-01, 6.59714E-02, -5.67923E-01, -5.03584E-01, 7.79811E-01, 2.04947E+00, -8.19654E-01, -9.78647E-01, -1.72232E+00, 7.77027E-02, 4.39553E-01, -2.07786E+00, 8.54639E-01, -2.64809E-01, 1.52394E+00, 2.06726E+00, -1.42210E+00, 1.96763E+00, -2.06934E+00, -1.77694E-01, 2.64235E+00, 2.44443E+00, 2.45812E-02, -1.28947E+00, 2.65724E+00, 3.91950E+00, -1.83603E+00, 1.81066E-01, -1.33184E+00, 2.43801E+00, -1.15944E+00, 2.03680E-01, -2.00869E+00, -5.43494E-01, 1.84610E-02, 1.45898E+00, 7.84486E-01, 2.35269E+00, -2.13868E+00, -8.65151E-01, -1.49597E+00, -1.53369E+00, 1.66437E+00, 1.06322E+00, 3.36514E-01, 1.37578E+00, 2.79000E+00, -2.53966E+00, 2.02990E+00, -1.93416E-01, 1.17946E-01, -2.26382E-01, -1.64660E+00, 1.09749E+00, -7.06129E-01, -9.47860E-01, -1.50703E-01, -3.24291E+00, 1.03039E+00, 1.79729E+00, -2.23457E-01, 1.07315E-01, -6.45967E-01, -1.04472E+00, 6.65622E-01, 2.69793E+00, 6.25255E-01, 1.28016E+00, -5.98234E-01, 2.72840E+00, -1.81938E+00, -2.08513E-01, 1.23836E+00, 2.30687E+00, 5.82666E-01, 3.76801E-01, -5.88784E-01, -1.60087E+00, -2.60555E+00, 4.61903E+00, 3.26600E-01, -2.36110E+00, 1.19512E+00, 2.91601E-01, -3.27151E+00, 1.73028E-01, 1.13934E+00, 7.14685E-01, 2.79829E-01, 4.53129E-01, -6.09387E-01, -7.10906E-01, 5.84812E-01, 7.11396E-01, 3.40349E+00, 7.82146E-01, 2.78960E+00, -1.48015E+00, 1.53130E+00, -3.39677E+00, 1.86039E+00, -2.11639E+00, 7.05131E-01, -2.25865E+00, 1.00312E+00, -7.36870E-01, -2.07361E-01, 2.76676E+00, 1.38900E+00, -2.45711E+00, 1.06495E+00, 4.79577E+00, 2.06171E+00, -4.86643E-01, -7.67440E-01, 3.12711E+00, -2.74077E+00, 1.60349E+00, 2.14167E+00, 1.38485E+00, 1.15436E+00, -2.67293E+00, -2.24494E+00, -1.68620E+00, 1.57330E+00, 1.79359E+00, -5.73709E-01, -3.15104E+00, -1.40752E+00, 1.69741E+00, 5.85543E-01, -3.82446E-01, 1.12464E+00, 4.50487E+00, 8.07668E-01, 7.48139E-01, -2.63568E+00, -4.97475E-01, 2.30895E+00, 1.15626E+00, 7.13200E-01, -3.09612E+00, -2.91445E-01, -2.87085E+00, 1.67070E+00, -1.24800E+00, 1.86302E+00, 2.88925E+00, -4.93263E-01, 1.21305E+00, -1.40011E+00, -1.77378E+00, 5.18027E-02, 4.05087E-01, 1.36240E+00, -7.47558E-02, -1.22615E+00, 1.37310E+00, -7.25381E-01, -6.34210E-01, 1.20419E+00, -5.17511E-01, -1.82931E+00, 5.30004E-01, -6.90025E-01, 2.88077E-01, -1.23377E+00, -1.24199E+00, 1.63016E+00, -5.06322E-01, 1.04734E-01, 1.48201E+00, 4.40452E-01, 3.11045E-02, 2.12446E+00, -1.99293E+00, 2.08071E-01, -1.20597E+00, 1.25449E+00, -2.61170E-03, 2.72671E-01, 3.66619E-01, -2.76605E-01, -6.45468E-01, 1.97016E+00, 2.87850E+00, 1.63014E+00, -1.97453E+00, 2.55305E+00, 1.70195E+00, -1.01525E-01, 3.50199E+00, 2.57425E+00, 6.97024E-01, 1.63354E+00, -1.79600E+00, 1.28371E+00, -2.73725E-01, 8.69182E-02, 1.33658E+00, 1.38962E+00, 1.33323E+00, 9.18043E-02, 6.23993E-01, -1.62172E+00, 6.84350E-01, -9.58460E-01, 2.20328E+00, 1.28472E+00, 8.69031E-01, -7.86723E-01, -2.16596E+00, 1.94114E+00, 7.27282E-02, 8.63308E-01, 6.38445E-01, 7.78770E-01, 3.00325E+00, 1.99170E+00, 1.67476E-01, -1.98697E+00, 1.38455E+00, 3.39352E-01, 1.10260E+00, -1.12112E+00, -2.22042E+00, -1.23860E+00, 1.74549E+00, 3.17078E+00, -1.06827E+00, -2.84203E-01, 3.50654E+00, 5.44829E-01, -2.76855E-02, -1.80250E+00, 5.67712E-01, -1.05672E+00, -2.81665E+00, -8.21029E-01, 1.92445E+00, 3.59396E+00, 9.05789E-03, -1.80030E+00, 5.27795E-01, -1.85382E+00, 1.26131E+00, 2.99773E-01, -7.45249E-01, -1.15015E+00, -2.25657E-01, 6.30701E-01, 1.32619E+00, -1.93552E+00, 1.60374E+00, 5.55576E-01, -1.57389E+00, 2.94138E+00, -9.10965E-01, 2.26651E+00, 1.62527E+00, -2.72950E+00, 1.07290E+00, 4.64042E+00, 1.86480E+00, 1.22216E+00, 2.68408E+00, -8.03558E-01, 5.39659E-01, -3.16431E+00, 6.18590E-02, -1.54989E+00, -7.53191E-01, 2.13363E-01, 2.79148E+00, -1.37446E+00, 2.36447E+00, -1.90289E+00, -1.01019E+00, -1.28602E+00, 1.80771E+00, 1.53903E-01, 3.55895E-01, 5.29371E-02, 1.50579E+00, -1.81456E+00, -2.68574E+00, 1.24560E+00, 3.70855E+00, -1.59624E-01, 2.49512E+00, 1.22861E+00, 1.46970E+00, 1.37419E+00, 2.41540E-01, -1.97855E+00, -3.67421E+00, 4.79631E+00, 1.97434E+00, -9.29922E-01, -8.22794E-01, -2.03256E+00, 9.85031E-01, -1.00051E+00, 1.84960E+00, -1.41860E+00, 2.88883E+00, 3.16480E+00, 3.93051E-01, -2.13408E-01, 6.58224E-01, -5.60438E-01, -1.02396E+00, -1.16833E+00, -2.06425E+00, 2.47437E+00, 8.42062E-01, -1.89843E+00, -2.13297E-01, -1.34400E+00, 8.59177E-01, 8.58400E-01, 9.84427E-01, 9.66933E-01, 1.63384E+00, 3.32464E+00, 1.19627E+00, -2.00285E+00, -7.05152E-01, 3.87416E+00, -2.46587E-01, -8.90128E-01, -9.59028E-01, -1.53216E+00, 1.36151E+00, -1.04368E+00, 2.60694E+00, 1.25327E+00, -1.40364E+00, 2.37071E+00, -5.87594E-01, -2.76804E+00, -1.42764E+00, 1.61993E+00, 5.83179E-02, 1.86406E+00, -8.60418E-01, 5.10734E-01, -9.91320E-01, 2.70323E+00, -9.66834E-01, 1.22374E+00, 1.06094E-01, 5.43692E-03, -1.04120E+00, -2.00669E+00, -1.84571E+00, 2.05643E+00, 2.04432E+00, 3.76698E-01, -4.19298E-01, -2.30643E+00, 2.60998E+00, -3.84275E-01, 2.17935E-01, 7.32586E-01, -9.23561E-01, -1.04743E-01, -2.48793E-01, -2.11042E+00, 8.69863E-01, -9.36052E-01, -2.12313E+00, -1.32873E+00, -9.79907E-01, 2.37879E+00, -2.05371E+00, -2.32163E-01, -2.03283E+00, 2.43376E+00, 1.29257E+00, 2.81361E+00, -1.47634E+00, -2.78191E+00, -1.48753E+00, 6.58970E-01, 5.15589E-01, 6.22174E-02, 1.31319E+00, -2.49836E+00, -1.00676E+00, -1.03544E+00, -1.21118E-01, -1.64062E+00, 1.15498E+00, 4.66967E-01, 1.00340E+00, -2.32952E-01, -3.30866E+00, -1.89241E+00, -2.48520E+00, -2.26327E+00, -2.03665E+00, 4.22576E+00, -2.27870E+00, -6.86511E-01, 2.56657E+00, 1.36907E+00, -1.62958E+00, 1.09347E+00, 1.64903E+00, 8.23298E-01, -8.55020E-01, -2.03003E+00, 8.05359E-01, 4.52240E-01, -8.48300E-01, -1.39939E+00, 1.53174E+00, -7.39224E-01, 1.47619E+00, -2.18204E-01, -2.85421E-02, -1.75366E+00, 1.20331E+00, 1.74151E+00, 1.22251E+00, 2.52625E-01, 5.23204E-02, 2.19224E+00, -1.37173E+00, 1.28935E+00, -3.65243E+00, -5.33745E-01, 4.23795E+00, 9.98614E-01, -3.55102E-01, 9.67852E-03, -8.76093E-01, 1.71917E+00, 1.42746E+00, 7.71212E-01, 9.66029E-01, 1.67436E+00, -1.95600E+00, 7.56803E-01, 6.13107E-01, 4.28273E-01, -9.19018E-01, 2.78654E+00, 1.34305E+00, 3.36059E+00, -1.11535E+00, -9.03096E-01, -6.02821E-01, 3.39820E+00, 1.36885E+00, -2.48280E+00, 4.99759E-02, -2.44595E+00, 1.89032E+00, -8.93685E-01, 2.01735E+00, 2.32490E+00, -2.43194E-02, -7.84822E-01, -2.43897E+00, -1.39008E+00, -1.47545E+00, -2.48651E-01, 1.73798E+00, 9.89998E-01, -1.29015E+00, 1.26250E-01, -4.76608E-01, 3.94311E-01, -6.01693E-01, -1.38317E+00, 2.19044E+00, 1.13484E+00, 4.32301E+00, 1.25340E+00, -1.02831E+00, 2.50323E-01, -2.28586E+00, -1.18991E+00, -2.20981E-01, -3.21132E+00, -2.66197E+00, 2.19574E+00, 6.49713E-01, 5.57381E-01, 1.52164E+00, -5.12337E-01, -2.76234E+00, 2.41501E+00, 2.02506E+00, -1.01575E-01, 2.12819E-01, -7.96690E-01, -1.97500E+00, -1.89195E-01, -1.66214E+00, 1.79881E+00, 3.78981E+00, -2.12471E+00, -1.47754E+00, 1.10091E+00, -1.26393E+00, 3.69141E+00, 1.45608E+00, 3.84082E+00, 2.46311E+00, -3.15921E+00, 8.82506E-01, 4.62364E-01, 2.83663E+00, 1.07592E+00, 3.18831E+00, 1.12404E+00, 5.96496E-01, 2.04510E+00, -5.44987E-01, 2.84333E+00, -2.43681E+00, 1.02320E+00, -8.82697E-01, 1.28836E+00, 3.42119E+00, 3.49923E+00, 5.52124E-01, -1.29735E-01, -5.55787E-01, -7.99360E-01, 9.64070E-01, -3.68853E+00, -2.55641E+00, -1.40412E+00, -2.49870E+00, 4.36393E-01, 1.15593E+00, 9.41583E-01, -1.11030E+00, -1.76397E+00, -2.30453E+00, 2.86004E+00, 1.49176E-01, 8.07565E-01, 8.09033E-01, 1.73554E+00, 5.69849E-02, -1.82089E+00, -2.13887E+00, -8.30448E-01, -1.72613E+00, 7.65231E-01, -1.79172E-01, 3.23858E+00, -2.72930E-01, -5.36126E-01, 1.06883E+00, 3.51896E+00, 1.64230E+00, -2.75147E-01, 4.86049E-01, 8.88023E-01, 1.05678E+00, 