list(y= structure(.Data= c(8.68772E-01, -1.46526E+00, -1.24165E+00, -1.86929E+00, -1.11445E+00, -6.10577E-01, -1.34971E+00, -1.26162E+00, -7.15366E-01, 9.72146E-01, -5.16772E-02, 4.32604E-01, 7.42097E-01, -8.85728E-01, -2.20258E-01, -1.01155E+00, -1.11127E+00, -1.01981E+00, -2.64915E-02, 5.38757E-01, -1.95029E+00, -3.41294E+00, -2.78542E-01, 1.09333E+00, -8.78388E-01, -4.91459E-01, -1.95893E+00, -3.79006E-01, -8.70306E-01, -1.75722E+00, -4.88720E-01, 2.61092E-01, -2.75862E+00, -3.85404E+00, 1.59413E-01, -7.47479E-01, -1.22014E+00, -3.25149E-01, -2.99403E+00, -2.39516E+00, 3.23872E-01, -5.70476E-02, -3.11163E-01, -1.57285E-01, -2.77041E+00, -1.57459E+00, -1.34891E-01, -4.52071E-01, 2.68171E-01, 3.86533E-01, -5.68193E-01, -1.90731E+00, -2.88070E+00, -2.45429E-02, 1.39446E+00, -1.92590E+00, -2.47645E+00, 6.57789E-01, -9.38737E-01, -2.60988E-02, -1.34354E+00, -1.08877E+00, 1.73830E+00, -1.05264E-01, -8.68867E-01, -4.28463E-01, -5.73275E-01, 4.46576E-01, -1.05349E+00, -1.83433E+00, 3.34069E-01, -5.21055E-01, 1.87832E+00, 4.26696E-01, -1.49982E+00, -2.09083E+00, 2.00370E-03, 3.82216E-01, -1.84067E+00, -2.39163E+00, -1.45265E+00, -1.23897E+00, -7.55402E-02, -8.06554E-01, -1.09176E+00, -1.36875E-01, -1.60250E+00, 1.20751E+00, -1.33556E+00, -9.08692E-01, 2.64652E-01, -9.75454E-01, 3.77859E-01, 1.26822E+00, 3.21960E-01, -1.83642E+00, -6.36309E-01, -1.21664E-02, -4.10099E-01, -8.32120E-01, -5.69473E-01, -1.59038E+00, 1.12592E+00, 2.90122E-01, -1.69894E-01, -9.56919E-01, 5.43897E-01, 1.15549E+00, 1.03740E+00, -2.38183E+00, -3.06847E+00, -1.34103E+00, -1.65359E+00, -2.01844E+00, 9.28351E-01, -6.91098E-02, -3.16172E-01, -2.97694E-01, -1.70853E+00, 1.67783E+00, -2.35017E+00, 3.15672E-01, -1.00251E+00, -8.35565E-01, -4.81610E-01, -2.58732E+00, -1.36454E+00, 5.37784E-01, -2.87335E+00, 3.82291E-03, -1.52782E+00, -3.30385E+00, -1.64028E+00, -7.54826E-01, -2.12118E+00, -2.03099E+00, -1.17674E+00, 9.68732E-01, -8.42086E-01, -2.23911E-01, -7.04396E-01, -9.15483E-01, -1.10294E+00, -1.15527E+00, -8.34808E-01, -8.59434E-01, -1.46388E-01, -3.75463E+00, -5.00014E-01, -3.15452E-02, -1.14674E+00, -1.06906E+00, -8.94564E-01, -8.67425E-01, -1.41461E+00, -2.42326E+00, -9.27876E-01, -1.40649E+00, -1.65152E+00, -3.30345E+00, -1.30254E+00, -9.73988E-01, 1.16094E-02, -4.20652E-01, -5.46272E-01, 5.62522E-01, -4.19453E-01, -1.67530E+00, -6.73307E-01, -9.13839E-01, -2.27905E+00, 1.47305E+00, -1.62868E+00, -2.88507E+00, -1.10712E+00, 2.90865E-01, 2.15687E+00, 9.38798E-02, -4.92292E-01, -1.98803E+00, -1.09461E+00, -9.53252E-01, -2.88734E+00, -2.33672E-01, -1.28695E-01, 2.31951E-01, -1.66758E+00, -3.13477E+00, -3.36794E+00, -1.19830E+00, -1.66400E+00, -8.70423E-01, -1.32243E+00, -1.47725E-01, 4.12157E-02, -1.39962E+00, -1.89765E+00, -2.30172E+00, -8.49630E-01, -1.69991E+00, 1.10613E+00, -3.60659E+00, 3.59666E-02, -1.87848E+00, -2.08652E-01, -1.63797E+00, -3.20891E-01, -9.65205E-01, -3.37804E+00, -1.29151E+00, -9.20907E-01, -9.63496E-01, 1.54603E-02, -8.33238E-01, -6.32612E-02, -7.70792E-01, -1.57212E+00, -6.89585E-02, 6.31302E-02, -1.38045E+00, -2.11715E+00, -2.18548E+00, -1.76803E+00, -1.22604E+00, -7.36805E-01, 1.58036E+00, 2.02413E-01, -2.45507E+00, -2.72357E+00, -1.86446E+00, -2.38817E+00, -1.11144E+00, -2.25144E+00, -9.78569E-01, 1.31929E+00, -1.62157E+00, -6.67828E-01, -1.04229E+00, -6.57145E-01, -1.37916E+00, -8.66809E-01, -2.37601E-01, 3.93961E-01, 3.09588E-01, -6.05388E-02, 6.64286E-03, 5.31755E-01, -1.89791E+00, -8.98776E-01, -2.19122E+00, 1.75037E+00, -3.29617E+00, -2.88317E-01, -2.26092E-01, -1.20482E+00, -1.73478E+00, -2.19031E+00, -1.19999E+00, -3.28380E+00, -1.55596E+00, 1.26951E+00, 3.09700E-01, -2.72666E+00, -1.02899E+00, 3.71416E-01, -2.65522E-01, -1.97723E+00, -2.81448E+00, -1.16964E-01, -3.25745E+00, -1.44784E+00, -1.73186E-01, -2.00733E+00, -1.22874E-01, -1.24025E+00, 5.11809E-01, -1.19379E+00, -4.34599E-01, -3.49250E-01, -4.61463E-01, 3.36380E-02, -1.07616E+00, -5.10761E-01, -4.68015E-01, 9.32496E-01, -2.77174E+00, 1.19213E+00, 6.74331E-01, -2.46618E+00, -2.66269E+00, -1.61157E+00, -6.80443E-01, -3.99064E-01, -1.53399E+00, -4.99032E-01, 8.97310E-01, -8.62328E-01, -2.85756E+00, -1.61769E+00, -1.11531E+00), .Dim=c(300, 1)),