list(y= structure(.Data= c(-1.44556E+00, -3.68041E-01, 8.67756E-01, -1.60022E-01, -1.36377E+00, -1.39926E+00, -1.68740E+00, 5.57812E-02, 2.14024E+00, -4.22765E-01, 4.14434E-01, -2.26853E+00, -6.72408E-01, 4.20866E-01, -1.17982E+00, -6.74127E-01, -7.82761E-01, 1.38472E+00, -7.35600E-01, 9.48351E-01, 1.15913E+00, 4.18833E-02, -1.13459E+00, -5.60494E-02, 5.31554E-01, 3.89053E-01, 1.22203E+00, -5.62091E-01, 1.85256E+00, -5.66961E-01, -5.29128E-01, -3.59255E-01, 7.32646E-01, -1.69609E+00, 7.61706E-01, -5.36364E-02, -1.04582E-01, -5.23010E-01, 2.60564E+00, -5.48841E-01, 3.75396E-01, -1.21619E+00, -2.04786E+00, -1.81009E-01, -1.27980E+00, 7.69763E-01, -8.97111E-01, 3.39645E-01, 2.09117E-01, -1.09006E+00, 1.05358E+00, 4.66492E-01, 1.20618E+00, 1.53595E+00, 1.68055E-01, -4.31422E-01, 5.29484E-01, 1.02620E+00, 1.28632E+00, -4.43760E-01, 1.72404E+00, 2.32892E+00, 3.95913E-01, 5.14185E-01, -1.41169E+00, -1.44332E+00, 6.99892E-01, -8.28345E-01, -1.64488E+00, -8.49087E-01, 7.24356E-01, 1.88219E-01, 6.79756E-01, 5.17464E-02, -7.53158E-01, -2.71103E-01, -2.24952E+00, 2.43298E+00, -1.41315E-01, -1.29411E+00, 3.67853E-01, 7.03603E-01, 3.03772E-01, -2.29307E+00, -1.48563E+00, 7.57595E-01, 1.21186E+00, -9.53677E-01, 5.07072E-01, -4.96237E-01, 4.09969E-01, -1.38846E+00, 1.15188E+00, 4.31948E-01, 7.83309E-01, -1.11700E+00, -1.56628E+00, -6.18423E-01, -5.13134E-01, -1.47968E-01, -7.95331E-01, -9.99742E-02, 4.93147E-01, 2.95405E+00, -1.01870E+00, 2.79680E+00, 1.46361E+00, -1.90762E-01, -8.26599E-02, -1.02611E+00, -3.14949E-01, 1.29671E-01, 5.40813E-01, 2.64386E+00, -6.76667E-01, 2.65077E+00, -5.29468E-01, -9.03196E-03, 3.66134E+00, 8.70804E-01, 1.02767E+00, 7.69709E-01, 4.62559E-01, 1.56595E+00, -6.32364E-01, 5.89476E-02, 3.98002E-01, 1.57869E-01, -6.95645E-01, 4.90263E-01, 5.25853E-01, 2.49260E+00, -1.09237E+00, -2.69146E-01, 2.14468E-01, -9.45169E-01, 1.61242E-01, -1.35793E+00, 1.71791E+00, 1.66630E-01, 8.87785E-01, -2.95320E-01, 9.28171E-01, -6.48478E-01, 1.87600E+00, 6.37079E-01, 1.27116E+00, -3.17002E+00, 9.73891E-01, 6.47297E-01, -9.72703E-01, -6.88443E-01, -9.44503E-02, -1.32434E+00, 8.27984E-01, 5.68042E-01, 3.22055E+00, -1.56026E+00, -8.59618E-02, 3.81873E-01, 8.05779E-01, 4.78497E-01, 1.05465E+00, 2.72449E-01, -1.62117E+00, -3.12676E-01, 4.14326E+00, -1.23138E+00, 1.86907E+00, -5.98017E-01, -1.18648E+00, 6.98216E-02, 2.84040E+00, -1.13723E+00, 2.20014E-01, -1.93197E-01, -2.31522E-01, -8.33646E-01, -3.42240E-01, 1.60650E-01, -6.87648E-01, 1.62552E+00, 3.62134E+00, 9.56993E-01, 2.47504E+00, -7.95440E-01, -2.13370E+00, -1.02441E+00, -7.29144E-01, 8.30724E-01, 3.10272E+00, -2.07554E-01, 2.66954E+00, 5.55405E+00, 3.89750E+00, 3.08003E-01, -2.87976E-01, -2.04831E-01, -6.96405E-01, 1.93884E+00, -1.00919E+00, -1.42400E+00, 6.99637E-01, 9.10884E-01, 5.61679E-01, -4.27733E-01, -1.56794E-01, 1.22637E+00, 1.31298E+00, 9.24700E-02, -9.99385E-01, 1.48249E+00, 1.51588E+00, -2.02091E-01, -2.51026E-01, -4.95630E-01, -7.59599E-01, 4.25360E-01, 3.54426E+00, -1.01487E-01, -3.19428E-01, -8.50313E-01, 1.91019E+00, -1.77124E+00, -2.14180E+00, 2.38105E+00, -1.54474E+00, 3.68392E+00, -1.20829E+00, -1.22884E+00, 7.91064E-01, 1.11472E+00, -1.45352E-01, -1.30318E+00, 7.85263E-01, 1.41389E-01, -2.60339E-01, 1.23198E+00, 6.63810E-01, 1.03259E+00, 4.65516E+00, -4.28351E-01, 2.38219E+00, -2.39472E-01, 7.25741E-01, 6.21110E-01, -4.24357E-01, 9.53813E-01, -1.37842E+00, -1.57363E+00, 2.27131E+00, 2.80819E+00, -1.43689E+00, 2.54351E+00, 3.14083E+00, -8.31671E-01, -3.71007E-01, 2.23996E-01, 2.23866E+00, -1.26042E+00, 4.29494E+00, 2.08006E-01, -7.63694E-01, 1.01590E+00, -4.46751E-01, 3.17448E-02, -4.35322E-01, -1.11547E+00, 5.70262E-01, -1.13234E+00, -3.85105E-01, 1.18656E-01, 2.66880E+00, 9.52505E-01, 9.67974E-01, 3.24256E+00, 4.12340E-01, 1.11400E+00, -4.28437E-01, -9.48660E-01, -3.38854E-01, -5.77198E-01, 7.74797E-01, 3.27998E-01, 2.43731E-01, 1.05568E+00, -2.02922E-01, 4.32712E-01, 5.89020E-01, -5.82293E-01, -1.08292E+00, 2.05861E+00, -1.21732E+00, 3.11075E+00, 1.90841E+00, 2.63842E-01, -2.84179E+00, -7.71318E-01, 7.17182E-01, 5.80066E-01), .Dim=c(300, 1)),