list(y=c(1.23071E+00, 7.57301E-01, 8.04941E-01, 4.55759E-01, -9.18427E-01, 1.68929E+00, -9.35929E-01, -2.48999E-01, -1.71978E-01, -2.06581E+00, -1.49625E+00, -3.13791E-01, -4.46980E-01, -5.53177E-01, 1.97917E+00, 3.47893E-01, -1.20555E+00, -1.10702E+00, -2.10166E+00, 6.83632E-01, -9.00226E-01, 1.85652E+00, -1.50076E-01, -3.64278E-01, -1.62041E+00, -1.25038E+00, -2.02822E-02, -1.15014E+00, 1.94404E-01, 3.90755E-01, 4.05381E-01, -2.20724E-01, -3.15997E-01, 5.05959E-01, 2.84116E-02, 1.56980E+00, 1.44113E+00, 2.22672E-01, -8.55692E-01, -4.34689E-01, -4.19122E-02, 1.12343E-01, 3.42280E-01, 1.37433E+00, -7.37579E-01, -9.39414E-01, -1.79018E-01, 1.62917E+00, 2.57212E-01, 5.14043E-01, -5.75976E-01, -1.32187E+00, -7.15118E-01, 1.02254E+00, 1.63360E-01, 8.01109E-01, -4.72317E-01, 1.11589E+00, -9.46048E-02, 6.70182E-01, 2.10528E+00, -2.70811E-01, 4.39502E-01, -9.26993E-01, 1.04284E+00, -3.11903E+00, -1.86076E-02, -2.95148E+00, -1.69188E+00, -1.75421E+00, -1.15200E+00, 1.03577E+00, -6.30244E-01, 9.33655E-01, -1.08182E+00, -1.14885E+00, 1.81215E+00, 1.60648E+00, -2.41389E+00, -5.18507E-01, 5.67775E-02, 2.18056E+00, -3.73058E-01, -7.38572E-01, -1.19328E+00, 1.23900E+00, 5.29445E-01, -3.46362E-01, 3.03980E+00, 2.33613E+00, -1.56171E-01, 9.24289E-02, -1.20832E+00, -8.54081E-01, -5.79465E-01, -6.48680E-01, 4.75459E-01, 1.57906E+00, 2.63440E-01, -5.95051E-02, 1.00988E-01, -6.59948E-01, 3.37664E+00, -1.50004E-01, 2.46862E-01, -1.76247E-02, 1.06537E+00, 2.95908E-01, 1.33336E+00, 3.41668E-01, -4.94669E-01, 6.35672E-01, -1.05157E+00, -8.27670E-01, -2.31589E+00, 8.81080E-01, 1.06365E-01, 1.87135E+00, 3.48220E-01, 8.82371E-01, 1.88656E+00, -8.89811E-02, 2.03591E+00, 3.48138E-01, -1.24535E+00, -2.13647E+00, -2.36080E+00, 9.59252E-01, -7.53768E-01, 5.36528E-01, 3.29967E-01, 6.43608E-01, -5.21997E-01, 2.04119E+00, -4.91231E-01, -1.43977E+00, -7.11978E-01, -1.03690E+00, -2.17622E+00, -1.36373E+00, -1.14149E+00, -2.89892E-01, 1.91887E+00, 1.63471E+00, 1.61247E+00, 1.45400E+00, -1.13207E+00, -1.33640E+00, 1.34979E+00, 2.45203E-01, 1.53453E+00, -5.76403E-01, -6.73384E-01, -6.27840E-01, 8.41578E-01, 1.05974E+00, 3.72331E-01, 2.08287E+00, -1.13364E+00, 1.21795E-01, -9.52017E-01, -1.38069E+00, 6.81582E-01, 1.26661E+00, -6.82900E-01, 1.74349E-01, -4.38818E-01, -3.66905E-01, 4.56226E-01, -3.80847E-01, -5.53960E-01, -2.39533E-01, -1.83272E-01, -1.79197E+00, -4.29329E-01, -1.49777E+00, 8.31830E-01, 9.68483E-01, -3.77520E-01, 1.12547E-01, -6.91300E-02, -8.47549E-01, -3.03024E-01, -1.04689E+00, -5.85551E-01, 6.81831E-01, -4.14179E-01, 1.97593E-01, 1.48004E+00, 1.71769E-01, 1.11199E-01, -8.45325E-01, 6.95642E-01, 1.58011E-01, 3.04309E-01, -1.13200E+00, 5.95289E-01, 1.97978E+00, 4.41842E-01, -2.21520E+00, 5.38302E-01, 1.12532E-02, 1.86055E+00, 2.07729E+00, -7.44373E-01, -8.31178E-01, 5.52012E-01, -1.04016E+00, 6.04283E-01, 1.31519E+00, -1.23121E-01, 8.29378E-02, -1.75076E+00, -2.26294E+00, -1.30585E+00, -2.23459E+00, -2.27956E+00, -8.15240E-01, -4.27416E-01, 7.29796E-01, 3.58095E+00, 8.33570E-01, 1.10916E+00, 1.59279E+00, -8.57877E-01, -5.09458E-01, 1.81238E+00, -1.71994E+00, -2.66919E-01, -8.49035E-01, -8.61661E-01, -1.15024E+00, 4.09077E-01, 5.09487E-01, -4.24127E-01, 3.77932E-01, 6.05121E-01, -1.71035E+00, 3.69217E-01, 2.78813E-01, 6.38933E-01, 1.67088E+00, -1.46228E+00, 3.46785E-01, -3.60250E-01, 2.35534E-01, 2.91551E+00, -2.11260E-01, -7.85037E-02, -4.42648E-01, -9.21676E-01, -6.64534E-01, -1.25007E+00, 6.28502E-01, 2.37770E-01, -1.13081E+00, -1.03147E+00, -1.20983E+00, 3.14106E-01, -5.13001E-02, 6.15660E-01, 1.46652E-01, -8.01347E-01, -3.47962E-02, 4.94934E-01, -1.35767E+00, 1.75418E-01, -1.44874E+00, 7.62792E-01, 6.54909E-02, 1.73678E+00, -4.64296E-01, 1.08088E+00, 2.58191E+00, 1.31893E+00, -7.27741E-01, -1.43777E-01, 1.10092E+00, -1.52362E-01, -2.55054E-01, -1.57151E+00, 3.93860E-01, 7.55335E-01, 8.74926E-03, -8.32215E-01, 1.11035E+00, 6.78062E-01, 4.32590E-01, 1.22644E-01, -1.79107E-01, -6.23493E-01, 5.65215E-01, 2.77143E-01, 1.79804E+00, -1.03357E-01, 1.45381E-01, -9.98673E-01, 1.37339E+00, -2.04298E+00, 8.51683E-01),