list(gamma=c(1.00000E+00, 0.00000E+00, 0.00000E+00, 1.00000E+00), beta= structure(.Data= c(5.57481E-01, -6.47200E-04, -1.28194E-03, -6.13701E-01), .Dim=c(4, 1)), tau=1.14909E+01, sigma2.inv=, omega=c(7.01540E-01, 8.68771E-01, 8.63362E-01, 6.57184E-01))
