list(gamma= structure(.Data= c(0.00000E+00, 0.00000E+00), .Dim=c(2, 1)), beta= structure(.Data= c(-1.25725E-12, -1.17383E-16), .Dim=c(2, 1)), tau=4.44964E-01, sigma2.inv=1.00000E-02, omega= structure(.Data= c(1.78166E-01, 4.89087E-01), .Dim=c(2, 1)))
